32,4
32,1
32,3
24,1
24,3
3,2
3,1
3,3
10,72
10,82
10,242
10,144
10,114
10,270
10,202
10,1
10,6
10,2
10,3
11,15
11,25
11,13
11,21
11,4
11,19
11,1
11,23
11,2
11,3
9,7
9,4
9,1
9,6
9,2
9,3
8,13
8,9
8,12
8,6
8,7
8,10
8,1
8,4
8,2
8,3
12,2
12,1
12,3
20,2
20,1
20,3
19,2
19,1
19,3
18,1
45,4
45,3
45,2
45,1
18,3
45,0
44,4
44,3
44,2
44,1
44,0
43,4
43,3
14,3
43,2
43,1
13,1
43,0
41,5
41,4
41,3
13,3
41,2
41,1
41,0
38,5
38,4
38,3
38,2
38,1
38,0
36,5
36,4
36,3
36,2
36,1
36,0
34,5
34,4
34,3
34,2
2,2
34,1
34,0
2,1
